function [x,f] = fx_vals()
f = [
  -0.018315638888734  -0.127702076719839  -0.224721397336920  -0.306329252493775  -0.370938824142824  -0.418214609137742...
  -0.448823075960948  -0.464171526964383  -0.466158736895087  -0.456953282868802  -0.438808663749207  -0.413918730023426...
  -0.384312749184228  -0.351786569749102  -0.317864655225887  -0.283787013837844  -0.250515011134507  -0.218750495253796...
  -0.188963394688513  -0.161423811598537  -0.136235516164829  -0.113368572417815  -0.092689547773801  -0.073988355958400...
  -0.057001252633127  -0.041429853318825  -0.026956289665337  -0.013254781690618                   0   0.013127358114932...
   0.026437334807431   0.040229372125547   0.054792419836996   0.070406041703981   0.087342061504132   0.105866270804707...
   0.126239693215703   0.148718869452650   0.173554602390505   0.200988593247970   0.231247424264817   0.264533417582254...
   0.301012043887384   0.340795786679694   0.383924704358171   0.430344381017315   0.479882513949506   0.532226029549252...
   0.586901304055468   0.643260717084905   0.700479278412534   0.757565305817196   0.813388934836199   0.866731443120132...
   0.916356823502377   0.961104644848484   1.000000000000000
   ];

x = [
  -1.000000000000000  -0.964285714285714  -0.928571428571429  -0.892857142857143  -0.857142857142857  -0.821428571428571...
  -0.785714285714286  -0.750000000000000  -0.714285714285714  -0.678571428571429  -0.642857142857143  -0.607142857142857...
  -0.571428571428571  -0.535714285714286  -0.500000000000000  -0.464285714285714  -0.428571428571429  -0.392857142857143...
  -0.357142857142857  -0.321428571428572  -0.285714285714286  -0.250000000000000  -0.214285714285714  -0.178571428571429...
  -0.142857142857143  -0.107142857142857  -0.071428571428572  -0.035714285714286                   0   0.035714285714286...
   0.071428571428571   0.107142857142857   0.142857142857143   0.178571428571429   0.214285714285714   0.250000000000000...
   0.285714285714286   0.321428571428571   0.357142857142857   0.392857142857143   0.428571428571428   0.464285714285714...
   0.500000000000000   0.535714285714286   0.571428571428571   0.607142857142857   0.642857142857143   0.678571428571428...
   0.714285714285714   0.750000000000000   0.785714285714286   0.821428571428571   0.857142857142857   0.892857142857143...
   0.928571428571428   0.964285714285714   1.000000000000000
   ];

end